1
2
3
4
5
6
7
8
9
10
11
12
13
14
15
16
17
18
19
20
21
22
23
24
25
26
27
28
29
30
31
32
34
36
39
41
42
43
44
45
46
47
48
50
52
57
58
60
61
62
63
65
69
70
72
73
74
76
78
79
80
81
82
85
86
88
89
92
94
95
97
100
101
104
105
107
110
111
112
116
117
122
123
125
126
135
140
141
144
145
147
149
150
151
153
154
156
157
158
159
160
161
162
163
164
165
166
168
169
170
171
172
173
175
176
177
180
181
185
186
187
188
190
191
193
194
195
196
198
199
203
204
207
208
213
214
215
216
218
222
223
224
225
227
229
230
231
232
233
235
236
237
239
246
247
249
250
252
253
256
257
260
261
262
265
266
267
272
273
276
277
280
281
282
288
289
290
292
293
296
299
300
302
303
305
306
307
308
313
314
315
316
317
318
319
321
322
324
326
327
328
329
332
333
334
337
338
339
342
344
345
346
347
348
349
350
351
352
353
355
356
357
358
361
362
363
364
365
366
367
368
370
371
372
373
374
376
377
379
380
381
382
383
390
393
405
407
408
409
410
412
413
414
417
419
420
421
423
426
427
428
431
432
434
435
436
440
441
442
446
448
449
450
454
455
456
457
464
466
468
469
471
473
474
475
477
479
480
481
482
483
485
489
490
491
492
493
494
495
497
500
501
502
506
507
508
509
514
515
516
517
518
519
520
521
522
524
527
529
531
532
533
534
535
537
538
539
540
541
542
543
544
546
548
549
550
551
552
553
555
556
558
562
565
567
569
574
575
581
585
586
587
588
589
590
592
593
594
595
596
597
599
605
608
609
610
611
613
616
617
627
628
631
632
637
640
647
648
653
659
661
662
663
665
668
670
671
673
674
678
680
688
691
694
700
702
707
708
709
711
714
718
719
720
724
728
733
735
736
737
741
742
743
745
746
748
750
757
760
761
762
765
766
778
780
781
782
783
784
785
786
788
798
799
800
801
802
804
805
818
828
829
830
832
835
836
837
838
839
841
842
848
849
851
852
858
861
866
875
879
880
886
891
892
893
897
898
899
900
901
902
903
904
905
906
907
908
909
910
911
912
913
914
915
916
917
918
919
920
921
922
923
924
926
927
928
929
930
931
932
933
934
935
936
937
938
940
941
942
943
944
945
946
947
948
949
950
951
952
953
954
955
965
968
969
970
971
973
986
991
994
996
999
1005
1006
1007
1009
1010
1011
1012
1013
1014
1015
1016
1017
1018
1019
1020
1021
1022
1023
1024
1025
1027
1028
1029
1030
1031
1032
1033
1034
1035
1036
1037
1041
1042
1046
1047
1049
1050
1051
1056
1057
1059
1060
1061
1064
1066
1068
1069
1073
1076
1077
1078
1079
1080
1081
1082
1083
1084
1085
1086
1088
1089
1090
1091
1092
1093
1094
1095
1096
1097
1099
1100
1101
1103
1104
1111
1120
1124
1125
1126
1127
1128
1129
1130
1131
1132
1135
1136
1147
1148
1150
1161
1162
1169
1171
1172
1173
1175
1176
1177
1178
1179
1183
1184
1185
1186
1187
1188
1189
1190
1191
1192
1193
1194
1196
1197
1198
1199
1200
1201
1202
1203
1204
1206
1207
1208
1209
1210
1211
1212
1213
1214
1215
1216
1217
1218
1219
1220
1221
1222
1223
1224
1225
1226
1227
1228
1230
1231
1232
1233
1234
1235
1236
1237
1238
1240
1241
1242
1243
1244
1245
1246
1247
1248
1249
1250
1251
1252
1253
1254
1255
1256
1257
1258
1259
1260
1261
1262
1263
1264
1265
1266
1267
1268
1269
1270
1271
1272
1273
1274
1275
1276
1277
1278
1279
1280
1281
1282
1283
1284
1285
1286
1287
1288
1289
1290
1291
1292
1293
1295
1296
1297
1298
1299
1300
1301
1302
1303
1304
1305
1306
1307
1320
1321
1327
1333
1334
1337
1339
1340
1342
1343
1344
1345
1346
1347
1348
1350
1353
1354
1355
1356
1357
1358
1359
1361
1363
1365
1366
1367
1370
1371
1372
1373
1374
1375
1376
1377
1378
1379
1380
1381
1385
1387
1388
1389
1390
1391
1392
1393
1394
1395
1396
1399
1401
1405
1407
1408
1409
1411
1414
1416
1417
1419
1422
1425
1429
1430
1431
1438
1441
1442
1446
1447
1449
1450
1453
1454
1457
1459
1461
1464
1465
1466
1474
1475
1476
1479
1480
1483
1484
1485
1487
1488
1498
1499
1500
1503
1513
1515
1517
1518
1527
1529
1537
1541
1542
1544
1545
1546
1552
1554
1556
1562
1566
1569
1572
1573
1580
1584
1586
1587
1588
1589
1590
1591
1592
1593
1594
1597
1603
1608
1609
1610
1611
1614
1615
1616
1617
1619
1620
1623
1625
1627
1629
1631
1633
1635
1639
1641
1643
1644
1645
1646
1648
1649
1653
1658
1660
1663
1665
1672
1673
1674
1676
1678
1680
1681
1682
1683
1687
1688
1689
1690
1693
1694
1699
1701
1702
1704
1707
1711
1713
1717
1719
1721
1722
1726
1727
1729
1730
1732
1734
1735
1747
1748
1752
1753
1754
1755
1757
1760
1762
1769
1772
1777
1779
1784
1785
1791
1792
1797
1799
1801
1805
1809
1810
1821
1827
1831
1833
1834
1835
1836
1840
1844
1845
1846
1848
1858
1859
1860
1862
1866
1873
1875
1876
1880
1881
1882
1883
1884
1885
1887
1888
1889
1892
1894
1895
1897
1900
1904
1907
1909
1911
1912
1913
1914
1916
1917
1918
1919
1920
1921
1923
1924
1925
1927
1929
1931
1934
1935
1936
1937
1938
1939
1940
1941
1942
1944
1945
1946
1947
1948
1949
1950
1951
1952
1953
1954
1955
1956
1957
1958
1959
1960
1961
1962
1963
1964
1965
1966
1967
1968
1969
1970
1971
1972
1973
1974
1975
1976
1977
1978
1979
1980
1981
1982
1983
1984
1985
1986
1991
1992
1994
1995
1997
1999
2000
2001
2002
2003
2004
2005
2006
2009
2010
2011
2012
2013
2014
2015
2018
2019
2020
2021
2022
2023
2025
2026
2027
2028
2033
2034
2036
2042
2043
2046
2048
2051
2052
2053
2054
2057
2058
2059
2060
2064
2065
2066
2067
2068
2069
2070
2071
2072
2074
2075
2076
2077
2078
2080
2081
2082
2083
2084
2085
2087
2088
2089
2090
2091
2092
2093
2094
2096
2097
2099
2100
2102
2105
2106
2107
2108
2109
2110
2111
2112
2114
2115
2116
2117
2118
2119
2120
2121
2122
2123
2124
2125
2126
2130
2131
2132
2133
2134
2135
2136
2137
2138
2139
2140
2141
2142
2143
2144
2145
2146
2148
2150
2151
2153
2155
2159
2160
2161
2162
2163
2165
2166
2167
2169
2170
2171
2174
2176
2177
2178
2180
2181
2182
2183
2184
2185
2186
2187
2188
2193
2194
2195
2202
2203
2204
2205
2206
2208
2210
2212
2221
2227
2231
2232
2236
2237
2238
2239
2240
2243
2245
2247
2248
2249
2252
2253
2261
2262
2263
2268
2269
2272
2273
2275
2278
2279
2280
2282
2285
2287
2288
2289
2290
2291
2294
2296
2297
2300
2301
2302
2303
2310
2311
2312
2313
2315
2316
2318
2320
2321
2322
2324
2325
2328
2329
2330
2333
2334
2335
2336
2337
2338
2340
2344
2346
2348
2349
2351
2352
2353
2354
2355
2356
2357
2359
2360
2361
2363
2366
2367
2369
2370
2371
2372
2373
2374
2375
2376
2377
2378
2379
2380
2381
2382
2383
2384
2387
2389
2390
2391
2392
2393
2394
2395
2396
2398
2399
2401
2402
2403
2404
2405
2406
2407
2408
2409
2410
2411
2412
2413
2414
2416
2420
2421
2422
2423
2424
2425
2427
2428
2429
2430
2431
2432
2433
2435
2436
2437
2439
2442
2443
2447
2448
2450
2453
2454
2455
2456
2457
2459
2460
2463
2467
2468
2469
2470
2471
2474
2476
2478
2481
2483
2485
2488
2490
2495
2496
2497
2500
2501
2502
2504
2505
2506
2511
2513
2514
2517
2518
2519
2520
2524
2527
2528
2529
2530
2531
2532
2533
2539
2541
2542
2549
2550
2551
2553
2555
2557
2558
2560
2561
2563
2565
2567
2570
2571
2572
2575
2579
2580
2581
2583
2585
2587
2593
2594
2596
2598
2599
2600
2605
2606
2607
2609
2611
2612
2613
2616
2617
2618
2622
2624
2628
2633
2634
2639
2640
2641
2642
2643
2644
2648
2654
2657
2660
2662
2664
2670
2671
2672
2676
2677
2682
2683
2686
2687
2688
2690
2691
2692
2693
2694
2696
2699
2700
2701
2702
2704
2706
2707
2709
2710
2712
2713
2716
2717
2718
2719
2720
2721
2722
2723
2724
2725
2726
2727
2728
2729
2730
2731
2732
2734
2735
2736
2739
2745
2746
2747
2750
2757
2759
2761
2762
2763
2764
2765
2770
2771
2772
2774
2779
2782
2784
2787
2788
2789
2790
2791
2792
2793
2794
2795
2796
2797
2798
2799
2800
2802
2803
2804
2805
2806
2807
2808
2810
2815
2819
2822
2826
2827
2829
2836
2840
2841
2843
2846
2847
2848
2852
2857
2858
2859
2860
2861
2862
2863
2866
2867
2870
2871
2872
2875
2876
2877
2879
2880
2881
2882
2883
2888
2889
2890
2891
2901
2902
2905
2907
2908
2912
2915
2916
2917
2918
2919
2920
2921
2922
2924
2925
2926
2927
2929
2931
2932
2935
2936
2937
2938
2939
2940
2941
2942
2943
2944
2946
2947
2948
2949
2950
2951
2952
2953
2959
2961
2962
2966
2967
2968
2969
2970
2971
2972
2973
2976
2978
2983
2985
2986
2987
2988
2989
2990
2991
2993
2995
2996
2997
3000
3002
3004
3005
3006
3007
3008
3010
3011
3015
3016
3017
3018
3019
3020
3022
3024
3028
3030
3032
3033
3034
3035
3036
3037
3038
3039
3040
3044
3045
3046
3051
3052
3053
3054
3055
3060
3061
3062
3063
3066
3067
3068
3070
3071
3072
3074
3075
3076
3077
3078
3079
3081
3082
3083
3087
3088
3089
3090
3091
3093
3094
3095
3096
3097
3098
3099
3100
3101
3102
3104
3105
3107
3108
3111
3113
3114
3115
3117
3120
3125
3127
3129
3130
3134
3135
3142
3145
3146
3147
3148
3150
3152
3153
3155
3156
3157
3158
3159
3160
3163
3167
3168
3169
3173
3174
3175
3176
3177
3178
3179
3181
3182
3185
3186
3189
3190
3194
3196
3197
3198
3200
3201
3202
3203
3204
3205
3206
3208
3210
3213
3219
3221
3223
3224
3230
3232
3235
3243
3244
3245
3246
3247
3248
3249
3250
3251
3252
3253
3254
3255
3256
3257
3258
3259
3260
3261
3262
3263
3264
3265
3266
3267
3268
3269
3270
3271
3272
3273
3274
3275
3285
3287
3289
3296
3298
3300
3301
3306
3307
3310
3311
3316
3317
3320
3324
3327
3328
3330
3334
3338
3339
3341
3342
3347
3350
3354
3355
3358
3359
3360
3361
3362
3363
3364
3365
3368
3379
3384
3386
3387
3388
3392
3394
3396
3397
3398
3404
3405
3406
3408
3409
3412
3415
3417
3418
3420
3421
3424
3426
3429
3430
3435
3438
3439
3440
3441
3444
3448
3450
3451
3452
3456
3461
3462
3466
3467
3468
3469
3470
3471
3475
3476
3477
3478
3479
3480
3481
3483
3484
3487
3489
3494
3498
3499
3501
3502
3503
3504
3505
3507
3508
3510
3512
3513
3515
3516
3519
3521
3524
3525
3526
3527
3528
3529
3534
3535
3536
3538
3539
3543
3545
3546
3547
3548
3549
3550
3551
3552
3553
3554
3555
3556
3557
3559
3564
3565
3566
3569
3576
3578
3581
3587
3591
3593
3594
3598
3599
3606
3608
3614
3615
3616
3617
3618
3621
3623
3624
3627
3629
3632
3633
3634
3635
3637
3638
3639
3645
3646
3649
3653
3654
3655
3658
3668
3671
3672
3675
3676
3677
3678
3679
3680
3681
3682
3683
3684
3685
3686
3688
3689
3693
3696
3697
3698
3699
3700
3701
3702
3703
3704
3705
3706
3707
3708
3712
3713
3717
3718
3720
3723
3724
3726
3727
3728
3729
3730
3733
3734
3735
3736
3738
3739
3740
3741
3742
3744
3745
3746
3747
3751
3752
3753
3754
3755
3760
3761
3763
3769
3770
3771
3783
3784
3785
3786
3787
3788
3789
3791
3793
3794
3798
3799
3801
3802
3808
3809
3811
3812
3813
3814
3816
3819
3821
3822
3824
3825
3826
3827
3831
3832
3835
3836
3841
3843
3844
3849
3851
3852
3854
3855
3858
3859
3861
3863
3864
3865
3868
3869
3871
3872
3873
3879
3882
3889
3892
3893
3896
3897
3906
3910
3911
3915
3916
3917
3918
3919
3920
3925
3927
3928
3929
3930
3932
3936
3943
3945
3946
3947
3948
3949
3950
3952
3955
3959
3964
3966
3967
3968
3969
3970
3972
3973
3977
3978
3979
3980
3981
3983
3984
3985
3986
3987
3988
3989
3990
3991
3992
3993
3994
3996
3997
3998
3999
4000
4002
4005
4006
4007
4008
4009
4010
4011
4014
4015
4016
4017
4018
4019
4020
4021
4022
4023
4024
4025
4027
4029
4030
4031
4033
4034
4036
4037
4039
4040
4041
4042
4043
4046
4047
4052
4054
4055
4056
4061
4062
4064
4066
4067
4068
4069
4077
4079
4080
4082
4084
4085
4086
4090
4091
4095
4102
4103
4104
4105
4116
4117
4121
4124
4126
4128
4132
4133
4135
4141
4144
4146
4148
4149
4151
4153
4155
4158
4159
4161
4166
4167
4168
4169
4174
4178
4179
4183
4184
4186
4187
4188
4190
4191
4194
4195
4203
4205
4207
4210
4211
4212
4214
4215
4216
4217
4218
4219
4220
4223
4224
4225
4226
4228
4231
4232
4234
4235
4237
4238
4239
4241
4246
4247
4248
4251
4254
4255
4262
4263
4265
4267
4270
4273
4274
4275
4276
4278
4280
4282
4283
4285
4291
4292
4294
4296
4297
4298
4299
4300
4304
4305
4306
4308
4310
4312
4313
4317
4318
4321
4322
4325
4326
4327
4329
4330
4333
4334
4336
4337
4338
4339
4340
4342
4343
4344
4345
4347
4349
4350
4351
4356
4357
4359
4361
4366
4367
4368
4369
4370
4372
4373
4378
4380
4381
4383
4386
4387
4388
4389
4392
4393
4395
4396
4399
4401
4403
4404
4405
4406
4407
4409
4410
4411
4415
4419
4420
4422
4424
4426
4427
4428
4429
4432
4433
4437
4438
4439
4440
4441
4442
4443
4444
4446
4447
4448
4450
4452
4454
4458
4464
4465
4466
4467
4470
4473
4474
4478
4479
4480
4484
4487
4488
4489
4492
4495
4496
4498
4499
4500
4501
4502
4506
4508
4509
4515
4518
4519
4523
4526
4529
4531
4533
4535
4537
4541
4544
4545
4546
4552
4553
4555
4557
4558
4562
4563
4564
4571
4572
4577
4585
4587
4589
4591
4595
4599
4605
4612
4613
4614
4616
4618
4621
4623
4624
4626
4628
4636
4638
4639
4640
4641
4642
4643
4644
4645
4646
4649
4654
4658
4661
4662
4664
4673
4676
4677
4678
4679
4681
4682
4683
4686
4687
4688
4690
4697
4699
4700
4701
4703
4704
4705
4709
4710
4711
4713
4714
4718
4719
4720
4723
4725
4727
4728
4732
4733
4734
4735
4738
4741
4743
4744
4745
4748
4749
4754
4756
4757
4765
4767
4768
4769
4770
4771
4772
4774
4776
4783
4784
4785
4787
4788
4789
4792
4794
4795
4798
4799
4801
4802
4803
4806
4808
4809
4811
4812
4813
4814
4815
4816
4821
4823
4826
4830
4833
4834
4835
4840
4844
4846
4847
4848
4849
4850
4855
4857
4862
4863
4865
4866
4867
4873
4874
4876
4878
4880
4881
4886
4887
4888
4889
4890
4896
4898
4899
4900
4901
4902
4903
4911
4912
4914
4915
4916
4920
4921
4927
4928
4929
4930
4932
4936
4939
4941
4945
4947
4951
4954
4956
4957
4958
4963
4966
4967
4969
4970
4971
4973
4974
4975
4976
4978
4979
4980
4981
4989
4990
4992
4993
4994
4995
4996
4998
4999
5001
5002
5004
5005
5007
5008
5009
5010
5011
5012
5013
5014
5015
5016
5017
5021
5022
5025
5026
5027
5034
5038
5039
5040
5046
5047
5049
5051
5054
5055
5056
5059
5060
5062
5064
5065
5066
5068
5069
5072
5073
5074
5076
5080
5081
5092
5093
5095
5096
5099
5101
5102
5103
5105
5107
5108
5109
5110
5111
5114
5119
5120
5121
5122
5125
5127
5128
5134
5135
5137
5139
5142
5145
5146
5147
5151
5152
5159
5165
5169
5171
5177
5187
5198
5202
5214
5218
5219
5220
5222
5224
5225
5226
5237
5241
5244
5246
5247
5250
5254
5255
5258
5264
5265
5266
5267
5269
5272
5279
5282
5283
5288
5291
5292
5293
5294
5296
5298
5299
5300
5303
5304
5308
5309
5312
5313
5316
5319
5323
5324
5325
5329
5333
5339
5341
5348
5349
5357
5361
5363
5364
5367
5368
5372
5373
5377
5378
5379
5380
5382
5383
5385
5387
5388
5389
5391
5397
5398
5400
5401
5404
5410
5414
5415
5417
5418
5419
5420
5421
5423
5425
5434
5435
5438
5440
5444
5445
5446
5447
5449
5450
5451
5452
5459
5460
5463
5464
5465
5470
5472
5475
5477
5478
5479
5480
5481
5483
5485
5489
5497
5498
5499
5500
5502
5503
5504
5505
5506
5507
5508
5515
5516
5522
5523
5524
5525
5526
5527
5528
5530
5540
5541
5544
5548
5553
5560
5563
5568
5569
5570
5572
5574
5577
5582
5588
5601
5602
5603
5604
5605
5607
5608
5610
5611
5612
5613
5617
5618
5619
5620
5621
5625
5628
5629
5630
5632
5633
5636
5637
5638
5640
5642
5643
5644
5646
5649
5650
5651
5653
5660
5663
5665
5666
5667
5668
5669
5670
5673
5678
5679
5680
5682
5684
5685
5686
5690
5692
5693
5696
5707
5712
5721
5732
5747
5752
5763
5765
5767
5772
5780
5782
5784
5785
5788
5791
5792
5796
5797
5799
5801
5803
5804
5809
5810
5812
5816
5817
5818
5820
5825
5826
5833
5836
5839
5840
5843
5847
5853
5859
5867
5872
5873
5874
5876
5878
5879
5881
5882
5888
5890
5891
5893
5896
5899
5900
5902
5903
5909
5914
5915
5927
5932
5937
5938
5940
5941
5942
5943
5944
5945
5947
5949
5952
5954
5955
5956
5957
5959
5963
5965
5969
5970
5971
5974
5980
5981
5986
5989
5991
5992
5994
5995
5999
6001
6002
6003
6005
6006
6008
6012
6013
6014
6016
6021
6022
6023
6027
6031
6032
6035
6040
6041
6047
6051
6058
6059
6060
6062
6063
6064
6067
6077
6078
6082
6093
6100
6101
6104
6118
6119
6122
6123
6125
6126
6140
6155
6156
6157
6159
6162
6163
6166
6170
6178
6183
6184
6185
6186
6187
6188
6192
6193
6195
6196
6197
6201
6211
6212
6213
6214
6215
6216
6218
6219
6220
6222
6223
6226
6228
6229
6230
6232
6235
6237
6238
6239
6242
6243
6244
6250
6252
6254
6263
6264
6265
6266
6268
6269
6270
6271
6273
6279
6280
6281
6283
6286
6287
6288
6290
6291
6294
6296
6297
6299
6300
6301
6303
6305
6306
6322
6323
6327
6329
6331
6332
6333
6335
6337
6338
6339
6341
6344
6345
6350
6356
6357
6358
6365
6367
6368
6370
6373
6374
6375
6377
6378
6379
6380
6382
6383
6385
6387
6394
6395
6400
6405
6409
6412
6416
6422
6424
6428
6429
6430
6433
6436
6440
6441
6442
6448
6450
6452
6454
6457
6460
6461
6464
6466
6467
6478
6480
6482
6484
6493
6502
6503
6506
6508
6509
6516
6517
6519
6530
6533
6534
6535
6536
6537
6538
6539
6541
6542
6545
6548
6550
6552
6558
6559
6561
6564
6565
6566
6567
6571
6573
6579
6581
6582
6583
6584
6586
6591
6592
6593
6595
6598
6599
6609
6611
6612
6614
6615
6617
6618
6619
6620
6624
6629
6630
6636
6638
6639
6641
6643
6645
6650
6658
6659
6660
6662
6663
6664
6666
6667
6668
6669
6671
6672
6678
6679
6683
6684
6686
6687
6695
6702
6703
6705
6707
6708
6709
6710
6711
6713
6721
6722
6723
6724
6727
6731
6732
6734
6743
6748
6750
6753
6754
6755
6763
6764
6765
6768
6770
6772
6773
6774
6776
6777
6779
6780
6782
6783
6784
6785
6786
6787
6789
6790
6791
6793
6794
6796
6797
6798
6800
6801
6803
6807
6808
6809
6810
6811
6812
6816
6818
6820
6832
6840
6849
6850
6852
6856
6857
6858
6859
6862
6863
6864
6867
6868
6869
6870
6873
6874
6879
6880
6881
6882
6884
6885
6886
6887
6888
6889
6890
6893
6896
6898
6902
6909
6918
6920
6927
6932
6934
6935
6936
6939
6942
6944
6945
6946
6947
6948
6950
6951
6952
6953
6954
6957
6958
6959
6961
6963
6966
6967
6970
6971
6974
6975
6977
6978
6979
6981
6982
6983
6984
6985
6986
6987
6988
6989
6990
6991
6992
6993
6996
6997
6999
7000
7001
7003
7004
7007
7008
7009
7010
7011
7013
7017
7018
7019
7020
7022
7023
7024
7025
7026
7027
7028
7029
7030
7033
7034
7036
7037
7038
7039
7040
7042
7043
7044
7045
7046
7048
7050
7051
7054
7055
7056
7058
7059
7060
7061
7062
7063
7064
7065
7067
7068
7069
7070
7071
7072
7073
7074
7075
7076
7078
7079
7080
7082
7084
7085
7086
7087
7088
7089
7090
7091
7092
7093
7096
7099
7101
7102
7104
7107
7114
7115
7116
7118
7121
7122
7123
7124
7126
7128
7132
7134
7135
7136
7137
7139
7141
7142
7143
7147
7149
7150
7151
7153
7154
7155
7156
7158
7160
7161
7162
7163
7164
7169
7171
7173
7177
7178
7179
7193
7199
7206
7208
7209
7210
7211
7212
7215
7216
7217
7218
7219
7223
7225
7227
7228
7234
7235
7236
7238
7241
7243
7247
7250
7254
7255
7256
7258
7259
7260
7263
7265
7266
7285
7293
7294
7297
7299
7300
7301
7302
7303
7304
7306
7307
7311
7316
7317
7318
7319
7320
7323
7324
7325
7327
7328
7333
7334
7335
7338
7340
7345
7346
7347
7348
7349
7352
7354
7355
7360
7361
7362
7364
7365
7366
7367
7369
7371
7372
7373
7374
7375
7376
7377
7379
7380
7381
7382
7386
7387
7394
7395
7396
7419
7437
7438
7439
7440
7442
7444
7445
7448
7449
7450
7451
7454
7456
7458
7459
7460
7478
7481
7482
7484
7485
7486
7487
7489
7492
7493
7502
7505
7541
7560
7561
7562
7564
7566
7569
7570
7572
7573
7577
7578
7579
7580
7581
7584
7585
7586
7587
7614
7616
7617
7618
7619
7620
7624
7646
7647
7649
7650
7669
7698
7700
7701
7702
7705
7706
7708
7713
7714
7720
7728
7742
7743
7745
7748
7749
7753
7756
7757
7759
7762
7766
7767
7771
7773
7781
7782
7786
7787
7789
7790
7791
7792
7802
7809
7810
7811
7812
7815
7817
7820
7826
7827
7831
7832
7833
7834
7835
7836
7840
7841
7842
7843
7844
7845
7846
7879
7883
7884
7888
7889
7891
7894
7895
7896
7897
7899
7915
7918
7919
7920
7924
7925
7926
7930
7932
7933
7934
7936
7937
7938
7939
7940
7941
7942
7943
7944
7951
7976
7979
7980
7981
7982
7983
7984
7990
7991
8008
8010
8011
8012
8014
8015
8016
8017
8019
8033
8039
8042
8044
8045
8056
8094
8117
8119
8121
8125
8126
8128
8130
8131
8132
8133
8134
8142
8143
8147
8153
8154
8157
8158
8167
8169
8183
8188
8190
8191
8195
8196
8197
8199
8207
8208
8221
8225
8227
8228
8235
8239
8253
8254
8256
8260
8261
8264
8266
8268
8270
8273
8275
8291
8295
8327
8330
8331
8334
8335
8336
8337
8338
8340
8341
8360
8361
8362
8364
8365
8366
8367
8368
8369
8370
8371
8372
8373
8376
8379
8385
8387
8401
8404
8405
8426
8446
8451
8456
8459
8464
8477
8482
8484
8485
8491
8492
8493
8494
8495
8496
8499
8501
8507
8511
8512
8516
8520
8521
8526
8528
8529
8530
8531
8532
8533
8534
8535
8542
8573
8574
8575
8576
8578
8580
8581
8582
8584
8589
8591
8596
8600
8601
8602
8604
8605
8607
8609
8610
8614
8618
8620
8622
8623
8633
8636
8638
8640
8641
8643
8644
8645
8650
8651
8656
8661
8665
8666
8667
8670
8675
8684
8690
8695
8710
8711
8712
8718
8724
8726
8730
8731
8732
8738
8739
8740
8751
8752
8753
8754
8755
8765
8767
8768
8772
8781
8783
8784
8785
8786
8795
8796
8797
8798
8799
8800
8805
8807
8808
8809
8810
8813
8814
8815
8827
8830
8831
8833
8836
8838
8844
8848
8860
8861
8862
8865
8866
8869
8870
8872
8873
8874
8879
8880
8884
8905
8906
8907
8908
8910
8911
8912
8914
8915
8916
8917
8918
8919
8920
8923
8928
8930
8933
8937
8938
8939
8943
8947
8948
8949
8950
8951
8955
8956
8957
8958
8959
8961
8965
8966
8967
8968
8969
8970
8972
8973
8974
8977
8978
8981
8982
8983
8984
8985
8989
8998
8999
9004
9005
9010
9018
25750
25752
25753
25755
25763
25764
25766
25769
25771
25773
25774
25777
25788
25793
25795
25797
25805
25825
25826
25827
25828
25833
25834
25835
25839
25841
25850
25852
25855
25856
25865
25866
25868
25870
25886
25891
25898
25901
25905
25911
25916
25918
25923
25927
25929
25930
25937
25938
25940
25941
25943
25945
25947
25952
25954
25961
25962
25963
25971
25993
25995
25996
25999
26002
26003
26005
26007
26012
26052
26055
26064
26078
26082
26083
26084
26085
26094
26101
26111
26116
26119
26122
26131
26133
26139
26147
26148
26150
26151
26152
26158
26163
26170
26171
26172
26178
26181
26198
26199
26203
26208
26222
26225
26231
26237
26240
26241
26242
26246
26249
26258
26269
26270
26271
26283
26285
26294
26302
26303
26306
26313
26318
26322
26324
26325
26326
26347
26349
26350
26359
26360
26366
26375
26386
26391
26395
26398
26400
26403
26413
26422
26425
26444
26462
26464
26467
26471
26472
26476
26479
26485
26491
26492
26502
26504
26513
26524
26527
26528
26547
26554
26555
26560
26562
26564
26578
26585
26587
26599
26603
26606
26614
26616
26629
26631
26649
26662
26663
26680
26681
26688
26693
26694
26695
26701
26704
26712
26713
26729
26736
26743
26745
26750
26758
26760
26770
26776
26782
26788
26796
26810
26812
26819
26838
26840
26842
26865
26870
26875
26887
26903
26925
26939
26947
26965
26974
26999
27002
27005
27006
27020
27022
27032
27033
27036
27073
27075
27109
27155
27156
27178
27186
27193
27216
27251
27255
27266
27271
27311
27317
27329
27338
27351
27366
27368
27369
27373
27376
27391
27397
27402
27408
27410
27416
27432
27434
27441
27456
27478
27482
27491
27523
27555
27563
27584
27592
27604
27608
27611
27618
27619
27636
27647
27648
27660
27664
27671
27674
27689
27700
27706
27716
27721
27722
27727
27728
27731
27741
27744
27746
27751
27768
27772
27773
27778
27788
27790
27792
27797
27800
27801
27802
27803
27808
27812
27815
27816
27820
27821
27822
27826
27828
27831
27834
27837
27838
27839
27843
27846
27850
27851
27857
27865
27866
27869
27871
27873
27876
27878
27879
27882
27884
27899
27904
27905
27912
27922
30701
30707
30712
30745
30749
30793
30803
30810
30812
30816
30818
30820
30822
30825
30846
30848
30850
30867
30892
30894
30898
31030
31035
31101
31114
31116
31123
31150
31162
31184
31193
31221
31223
31225
31255
31260
31270
31309
31347
31359
31364
31374
31408
31410
31420
31422
31427
31431
31433
31435
31437
31445
31485
31502
31522
31528
31545
31547
31590
31617
31658
31660
31685
31687
31689
31694
31696
31700
31702
31770
31785
31804
31807
31867
31878
31903
31923
31930
31934
31950
31952
31956
31973
32009
32011
32017
32019
32022
32025
32029
32031
32139
32160
32179
32196
32203
32213
32234
32239
32261
32289
32291
32296
32298
32300
32302
32316
32349
32369
32371
32387
32456
32460
32469
32525
32554
32562
32582
32584
32587
32591
32596
32598
32657
32721
32728
32743
32770
32792
32825
32840
32853
32892
32898
32943
33004
33036
33072
33085
33124
33126
33136
33138
33145
33154
33158
33162
33164
33166
33171
33288
33312
33358
33421
33437
33451
33454
33463
33487
33493
33495
33499
33539
33558
33564
33585
33592
33603
33615
33621
33639
33646
33649
33660
33669
33672
33675
33677
33679
33683
33722
33725
33750
33779
33794
33815
33817
33819
33826
33830
33834
33836
33838
33880
33893
33896
33903
34048
34072
34143
34148
34150
34153
34155
34162
34164
34198
34271
34319
34321
34323
34326
34332
34334
34336
34338
34359
34405
34437
34482
34520
34523
34528
34530
34532
34534
34536
34540
34542
34552
34811
35015
35347
35836
35957
36276
36363
36397
36401
36477
36509
36517
36519
36525
36527
36529
36533
36535
36537
36708
36850
37240
37380
37382
37384
37386
37475
37477
37495
37545
37720
37727
37729
37731
37733
37736
37739
37741
37830
37853
37855
37857
37955
38038
38061
38095
38097
38159
38188
38198
38294
38304
38384
38388
38499
38538
38600
38701
38798
38824
38886
38992
38994
39052
39183
39231
39234
39292
39307
39381
39398
39400
39414
39419
39427
39435
39444
39446
39449
39715
39768
39869
39886
40010
40148
40278
40339
40412
40414
40491
40574
40581
40583
40586
40614
40629
40723
40732
40815
40819
40826
40851
40870
40946
40955
40959
40962
40966
40973
40988
41014
41025
41136
41226
41285
41527
41566
41569
41571
41573
41585
41617
41627
41716
41721
41724
41769
41863
41997
42002
42004
42007
42009
42011
42013
42015
42018
42094
42163
42197
42217
42351
42418
42422
42632
42718
42723
42725
42728
42730
42732
42734
42738
42900
42946
42958
43333
43376
43396
43419
43460
43497
43556
43558
43560
43652
43677
43679
43684
43708
43744
43832
43836
43869
43871
43897
43899
43904
43908
43910
43914
43917
43919
43921
43928
43930
43932
43934
43936
44004
44022
44058
44100
44168
44191
44193
44195
44197
44199
44204
44225
44301
44317
44397
44555
44587
44613
44633
44657
44665
44694
44709
44731
44759
44761
44788
44828
44840
44849
44864
44889
44929
44937
44943
44972
44974
45003
45028
45062
45074
45081
45106
45175
45183
45186
45208
45210
45221
45335
45361
45382
45431
45440
45442
45447
45499
45501
45503
45506
45517
45635
45662
45666
45668
45672
45720
45722
45726
45728
45730
45732
45880
45928
45950
46062
46156
46322
46335
46337
46347
46530
46559
46572
46578
46653
46664
46723
46772
46803
46850
46855
46865
46919
46948
46959
46965
46967
46970
46972
46974
46976
47044
47099
47122
47124
47148
47200
47202
47254
47261
47264
47274
47306
47382
47394
47404
47423
47446
47465
47491
47518
47610
47629
47634
47640
47644
47721
47725
47778
47793
47810
47830
47894
47937
47950
47952
47970
47978
47997
47999
48032
48043
48059
48061
48082
48142
48161
48165
48231
48262
48304
48319
48322
48326
48342
48385
48394
48412
48414
48416
48516
48518
48520
48543
48560
48591
48593
48598
48678
48682
48696
48698
48711
48738
48741
48744
48774
48780
48783
48825
48856
48872
48877
48879
48883
48943
48982
48997
49013
49130
49132
49200
49220
49225
49263
49265
49272
49274
49276
49278
49280
49284
49286
49312
49314
49347
49355
49394
49396
49412
49422
49524
49526
49528
49530
49647
49649
49651
49666
49688
49772
49793
49822
49824
49856
49910
49917
49932
49957
49961
50003
50005
50011
50064
50066
50068
50158
50160
50162
50189
50229
50259
50274
50442
50445
50447
50514
50517
50601
50641
50651
50658
50685
50740
50742
50792
50794
50796
50798
50800
50802
50804
50806
50842
50851
50872
50912
50923
50954
51007
51037
51063
51077
51080
51084
51086
51088
51091
51127
51174
51255
51277
51357
51372
51412
51418
51471
51540
51545
51562
51575
51638
51660
51662
51678
51694
51698
51705
51709
51834
51884
51903
51925
51927
51931
51935
51937
51939
51991
52042
52227
52241
52245
52281
52283
52287
52319
52321
52328
52375
52435
52448
52456
52458
52460
52462
52528
52579
52604
52606
52644
52666
52668
52694
52712
52717
52722
52767
52806
52885
52929
52950
52952
52967
52973
52975
53000
53002
53024
53121
53123
53125
53127
53129
53138
53140
53161
53189
53207
53318
53322
53326
53435
53447
53460
53464
53466
53468
53519
53550
53578
53769
53827
53883
53887
53894
53906
53919
53921
53953
53956
53972
53974
53988
53993
53996
54001
54004
54075
54094
54190
54193
54256
54259
54272
54276
54281
54286
54328
54331
54372
54503
54513
54612
54648
54686
54732
54734
54736
54745
54771
54775
54780
54785
54787
54796
54881
54910
54962
54995
54997
54999
55020
55031
55052
55063
55067
55069
55071
55080
55094
55116
55118
55156
55167
55176
55205
55232
55241
55245
55247
55250
55253
55255
55259
55261
55267
55269
55272
55274
55276
55278
55280
55282
55284
55286
55288
55290
55363
55442
55444
55451
55553
55555
55577
55620
55652
55687
55721
55729
55732
55765
55768
55805
55814
55820
55830
55872
55895
55901
55908
55946
55955
55995
55999
56001
56003
56012
56060
56079
56093
56141
56145
56152
56156
56169
56171
56174
56176
56251
56274
56286
56333
56339
56367
56379
56389
56508
56563
56587
56607
56671
56715
56719
56744
56757
56775
56782
56788
56801
56805
56846
56885
56908
56915
56921
56941
56949
57147
57243
57274
57353
57368
57401
57464
57502
57504
57526
57528
57532
57534
57637
57640
57669
57792
57845
57910
57951
57972
57980
58025
58047
58078
58103
58105
58107
58154
58156
58162
58191
58223
58246
58293
58295
58297
58299
58301
58303
58306
58315
58332
58334
58347
58351
58376
58425
58490
58492
58554
58559
58622
58627
58655
58706
58803
58806
58839
58876
58879
58964
58972
58975
58992
58998
59014
59016
59018
59022
59026
59037
59103
59118
59126
59141
59143
59220
59256
59258
59315
59333
59336
59369
59387
59392
59404
59418
59421
59429
59440
59501
59519
59549
59590
59594
59604
59607
59615
59684
59709
59725
59727
59731
59784
59810
59900
59985
59995
60007
60037
60040
60069
60072
60074
60126
60128
60141
60161
60291
60293
60295
60333
60341
60382
60397
60408
60418
60482
60487
60503
60514
60516
60566
60609
60647
60674
60684
60735
60753
60756
60758
60760
60763
60766
60816
60818
60832
60904
60937
60939
60941
60943
60948
60950
60979
61024
61026
61071
61075
61123
61132
61160
61167
61236
61240
61246
61248
61250
61255
61257
61262
61289
61323
61350
61352
61394
61401
61406
61465
61646
61678
61697
61705
61724
61729
61967
61986
62049
62081
62113
62137
62155
62203
62235
62250
62265
62293
62336
62344
62374
62376
62394
62434
62437
62439
62511
62553
62577
62644
62718
62733
62792
62799
62801
62803
62834
62836
62849
62912
62956
62970
62999
63033
63062
63072
63082
63113
63131
63179
63189
63222
63239
63433
63436
63446
63479
63515
63808
63826
63853
63859
63876
63992
64030
64032
64034
64114
64116
64197
64229
64231
64249
64278
64285
64497
64499
64501
64575
64614
64620
64622
64701
64716
64839
64957
64969
64983
64993
64997
65037
65088
65126
65130
65133
65135
65142
65188
65193
65216
65225
65230
65261
65418
65465
65514
65577
65585
65588
65596
65601
65612
65642
65682
65685
65802
65810
65868
65882
65939
65982
66090
66097
66130
66156
66171
66198
66200
66203
66240
66297
66317
66335
66371
66385
66427
66509
66544
66547
66665
66691
66744
66762
66783
66785
66798
66870
66934
67087
67186
67193
67197
67223
67252
67255
67267
67295
67408
67429
67508
67620
67665
67695
67734
67788
67799
67801
67867
67923
67997
68073
68135
68157
68159
68194
68205
68237
68269
68319
68324
68347
68358
68444
68472
68486
68522
68536
68552
68554
68659
68749
68791
68793
68848
68932
68941
68945
68952
68954
68959
68963
69069
69122
69134
69140
69253
69275
69278
69306
69324
69394
69406
69436
69458
69481
69516
69524
69526
69529
69574
69604
69606
69640
69644
69654
69685
69712
69746
69757
69784
69818
69844
69849
69951
69988
69995
70032
70159
70183
70208
70286
70293
70305
70334
70336
70344
70361
70451
70521
70533
70567
70599
70643
70687
70728
70846
70849
70862
70984
71033
71057
71106
71108
71129
71131
71135
71156
71205
71211
71248
71252
71254
71264
71282
71304
71325
71327
71379
71429
71438
71450
71460
71462
71464
71466
71468
71484
71500
71518
71520
71530
71535
71542
71550
71579
71619
71668
71670
71691
71732
71745
71823
71838
71899
71902
71910
71928
72011
72043
72129
72131
72165
72167
72169
72171
72176
72209
72226
72228
72294
72308
72356
72367
72378
72380
72386
72393
72395
72405
72407
72479
72489
72554
72605
72641
72694
72701
72703
72714
72720
72731
72733
72737
72741
72919
72982
72998
73000
73015
73017
73023
73027
73101
73106
73168
73211
73266
73268
73290
73319
73321
73323
73344
73392
73587
73608
73681
73759
73808
73854
73860
73881
73929
74089
74152
74154
74156
74228
74275
74282
74324
74370
74416
74450
74452
74458
74488
74508
74510
74530
74532
74541
74545
74553
74573
74624
74668
74677
74685
74688
74727
74740
74750
74754
74787
74789
74791
74795
74851
74868
74916
74944
74946
74948
75341
75395
75805
75813
75983
75985
76030
76054
76077
76079
76091
76093
76111
76173
76175
76210
76251
76293
76738
76763
77191
77201
77206
77233
77240
77307
77328
77330
77359
77364
77414
77421
77427
77455
77540
77561
77629
77658
77667
77795
77798
77800
77833
77837
77843
77846
77854
77866
78034
78039
78041
78088
78105
78116
78160
78162
78174
78209
78218
78266
78316
78349
78469
78499
78517
78544
78574
78637
78679
78703
78729
78772
78774
78836
78893
79006
79008
79057
79073
79091
79132
79134
79139
79185
79224
79242
79251
79274
79293
79318
79357
79428
79533
79553
79588
79590
79592
79684
79695
79702
79720
79796
79824
79860
79879
79897
79946
80094
80126
80139
80166
80185
80219
80222
80241
80363
80398
80463
80469
80489
80549
80551
80553
80586
80590
80615
80693
80748
80831
80839
80846
80860
80862
80864
80906
80917
80928
80939
80969
81018
81132
81156
81158
81191
81229
81257
81383
81385
81417
81456
81512
81516
81535
81537
81562
81564
81591
81641
81731
81782
81784
81786
81788
81791
81804
81817
81819
81834
81845
81847
81910
81932
82037
82041
82053
82093
82095
82143
82152
82167
82169
82173
82202
82242
82244
82378
82459
82461
82463
82499
82527
82534
82589
82667
82744
82767
82852
83086
83132
83134
83219
83270
83293
83302
83349
83369
83374
83480
83506
83613
83798
83803
83827
83976
84116
84152
84187
84240
84242
84273
84374
84392
84395
84601
84613
84615
84637
84716
84772
84775
84847
84942
84944
84950
84952
84954
85007
85020
85022
85025
85056
85131
85179
85213
85259
85316
85342
85354
85367
85394
85397
85401
85412
85414
85438
85510
85736
85774
85780
85788
85790
85796
85881
86000
86142
86190
86290
86293
86295
86298
86320
86332
86345
86347
86377
86487
86548
86628
86644
86781
86815
86817
86833
86835
86852
86880
86882
86884
86892
86898
86911
87004
87079
87192
87194
87222
87232
87234
87298
87304
87306
87308
87430
87485
87520
87522
87529
87660
87869
87876
88118
88125
88127
88129
88140
88163
88179
88235
88267
88345
88405
88515
88672
88744
88785
88810
88812
88932
88950
88954
89030
89039
89047
89072
89074
89085
89087
89090
89118
89190
89260
89305
89343
89470
89492
89535
89629
89678
89745
89753
89759
89761
89774
89780
89804
89840
89864
89904
90057
90249
90266
90345
90357
90374
90376
90403
90405
90430
90439
90469
90522
90524
90528
90531
90576
90600
90603
90645
90647
90717
90719
90738
90746
90809
90866
90888
90914
90943
90947
91077
91079
91094
91104
91126
91128
91134
91199
91233
91323
91325
91414
91485
91488
91500
91529
91535
91542
91548
91571
91622
91628
91630
91653
91658
91690
91842
91869
91890
91974
91976
91978
92008
92048
92243
92259
92420
92422
92475
92507
92509
92535
92643
92694
92920
93040
93265
93270
93272
93287
93297
93326
93363
93422
93443
93475
93498
93510
93512
93563
93721
93740
93766
93790
93805
93831
93838
93840
93855
93982
93988
94015
94018
94070
94126
94150
94266
94405
94466
94478
94677
94777
94780
94833
94864
94896
94931
94953
94959
94985
95088
95105
95135
95167
95201
95207
95307
95309
95311
95313
95377
95441
95449
95510
95543
95558
95567
95583
95654
95720
95761
95858
95873
95875
95939
96079
96110
96121
96150
96281
96314
96417
96432
96467
96488
96567
96588
96606
96610
96612
96655
96691
96693
96728
96737
96751
96811
96821
96829
96832
96857
96861
96911
97024
97057
97168
97172
97188
97225
97304
97306
97328
97393
97395
97673
97752
97860
97866
97870
97913
97921
97923
97936
97938
98017
98056
98122
98124
98154
98203
98243
98361
98491
98585
98604
98809
98961
99007
99112
99114
99117
99145
99149
99220
99437
99468
99728
99750
99813
99910
99912
99917
100108
100163
100244
100302
100344
100383
100390
100487
100498
100527
100556
100714
100745
101025
101088
101106
101112
101142
101285
101360
101362
101525
101577
101739
101741
101864
101895
101962
101973
102033
102123
102125
102194
102407
102445
102481
102588
102684
102686
102716
102720
102753
102792
102800
102819
102880
102903
102993
103027
103042
103048
103075
103107
103137
103141
103228
103235
103249
103253
103279
103306
103335
103339
103341
103372
103384
103539
103606
103624
103659
103688
103772
103801
103810
103883
103980
103984
104069
104078
104211
104241
104243
104272
104283
104303
104337
104339
104374
104841
104879
104881
104908
104913
104944
105197
105211
105213
105355
105468
105504
105593
105653
105835
105844
105954
106002
106062
106072
106100
106330
106438
106441
106452
106487
106489
106491
106642
106696
106766
106782
106841
106916
106918
106920
107069
107141
107348
107406
107771
107883
108188
108190
108548
108583
108727
108729
108928
108932
108945
108979
108981
108983
109374
109487
109578
109673
109740
109846
109848
109850
109864
109895
110102
110127
110501
110553
110586
110591
110730
110771
110882
111113
111235
111360
111362
111364
111384
111443
111622
111659
111743
111759
111921
112138
112171
112175
112183
112290
112370
112421
112515
112552
112556
112623
112804
112852
112897
112940
113225
113275
113378
113573
113741
113829
114028
114060
114180
114342
114552
114662
114795
114935
115122
115149
115170
115210
115231
115569
115617
116161
116797
116799
116823
117176
117533
117881
118696
118700
118900
118997
119141
119145
